6
53
0.000000 0.260989 -0.000000 0.000000 -0.000000 0.739011 
0.000000 0.124303 0.000000 0.600903 0.274794 0.000000 
0.000000 0.123760 0.000000 0.000000 0.876240 -0.000000 
0.301875 0.154261 0.000000 0.543864 0.000000 0.000000 
0.797008 0.202992 0.000000 0.000000 0.000000 0.000000 
0.000000 0.192233 0.085976 0.673307 -0.000000 0.048483 
0.000000 0.170082 0.066790 0.658600 0.104529 -0.000000 
0.000000 0.139595 0.368619 0.491786 -0.000000 -0.000000 
0.000761 0.198075 0.107522 0.693642 0.000000 -0.000000 
0.000000 0.364820 0.246745 0.000000 0.000000 0.388435 
0.000000 0.184724 0.089045 0.000000 0.726231 0.000000 
-0.000000 0.089938 0.910062 0.000000 0.000000 0.000000 
0.007736 0.477176 0.515088 0.000000 0.000000 0.000000 
0.000000 0.191749 0.084199 0.671620 0.000000 0.052432 
0.000000 0.163505 0.000000 0.592773 0.032567 0.211155 
0.000000 0.185407 0.000000 0.484968 0.000000 0.329625 
0.170580 0.160574 -0.000000 0.564660 0.000000 0.104186 
0.000000 0.000000 -0.000000 0.007549 0.001737 0.990714 
0.000000 0.000000 -0.000000 0.000000 0.001803 0.998197 
0.000000 0.000000 0.000000 0.377005 0.622995 0.000000 
-0.000000 -0.000000 0.000000 -0.000000 1.000000 0.000000 
0.000000 0.000000 0.990047 0.009953 0.000000 0.000000 
0.000000 0.000000 0.570579 0.008497 0.000000 0.420924 
0.000000 0.000000 1.000000 0.000000 0.000000 0.000000 
0.000000 0.000000 0.595010 0.000000 -0.000000 0.404990 
0.091190 0.000000 0.000000 0.007274 0.000000 0.901536 
0.094512 0.000000 0.000000 0.000000 0.000000 0.905488 
-0.000000 0.001073 0.000000 0.000000 0.000000 0.998927 
0.000000 0.000314 0.000944 0.000000 0.000000 0.998742 
0.000000 0.000242 -0.000000 0.000000 0.000413 0.999344 
0.002272 0.000307 -0.000000 -0.000000 0.000000 0.997421 
-0.000000 0.001065 -0.000000 0.007629 0.000000 0.991305 
-0.000000 0.000304 0.000947 0.007572 -0.000000 0.991177 
0.000000 0.000303 0.000948 0.007568 -0.000000 0.991181 
-0.000000 0.000232 -0.000000 0.007567 0.000415 0.991787 
0.000000 0.000231 0.000000 0.007562 0.000415 0.991792 
0.002279 0.000297 0.000000 0.007563 0.000000 0.989861 
0.002283 0.000295 -0.000000 0.007559 -0.000000 0.989862 
0.977420 0.001778 0.000000 0.020802 0.000000 0.000000 
0.982932 0.000000 0.002375 0.014693 0.000000 0.000000 
0.973499 0.000000 0.000000 0.014606 0.000000 0.011895 
0.984950 -0.000000 -0.000000 0.014831 0.000219 0.000000 
0.994863 0.000000 0.005137 0.000000 0.000000 0.000000 
0.974450 0.000000 0.000000 -0.000000 -0.000000 0.025550 
0.959502 0.040498 0.000000 0.000000 0.000000 0.000000 
0.993244 0.005225 0.001530 0.000000 0.000000 0.000000 
0.989835 0.006324 0.000000 0.000000 0.000000 0.003842 
0.982430 0.003653 0.000000 0.013917 0.000000 0.000000 
0.998463 0.000000 0.000000 0.000000 0.001537 0.000000 
0.998293 0.000000 0.001355 0.000000 0.000352 0.000000 
0.996263 0.000000 0.000000 0.000000 0.000416 0.003321 
0.986984 0.000000 0.000000 0.012762 0.000255 0.000000 
0.000000 0.000000 0.000000 0.000000 0.000000 0.000000 
15
0
1
2
3
4
5
6
7
8
9
10
11
12
13
14
