<<<<<<< HEAD
2
3
0.019604 0.980396 
-0.000000 -0.000000 
0.154483 0.845517 
3
=======
4
23
0.351188 0.352697 0.032184 0.263931 
0.537700 0.400889 0.051812 0.009600 
0.445301 0.306003 0.209166 0.039529 
0.340253 0.266935 0.158650 0.234162 
0.520707 0.391954 0.052360 0.034979 
0.387660 0.316136 0.076188 0.220016 
0.383439 0.336083 0.048403 0.232075 
0.064220 0.514337 0.000000 0.421443 
0.335348 0.407963 -0.000000 0.256689 
0.506037 0.362691 0.124682 0.006590 
0.511971 0.368952 0.114019 0.005058 
0.199635 0.497014 -0.000000 0.303351 
0.470314 0.443651 0.013785 0.072250 
0.442391 0.457534 0.000000 0.100075 
0.229379 0.235568 0.230652 0.304401 
0.049037 0.346364 0.114119 0.490479 
0.301776 0.264263 0.287941 0.146021 
0.213336 0.268712 0.296938 0.221014 
0.244566 0.246724 0.307901 0.200809 
0.000000 0.505531 0.022309 0.472159 
-0.000000 0.400177 0.160398 0.439426 
0.000000 0.382708 0.102897 0.514395 
0.000000 0.000000 0.000000 0.000000 
14
>>>>>>> 656b13ba2d8c8d28383ffd71c52110439221f6a5
0
1
2
3
4
5
6
7
8
9
10
11
12
13
