6
<<<<<<< HEAD
53
0.000000 0.260989 -0.000000 0.000000 -0.000000 0.739011 
0.000000 0.124303 0.000000 0.600903 0.274794 0.000000 
0.000000 0.123760 0.000000 0.000000 0.876240 -0.000000 
0.301875 0.154261 0.000000 0.543864 0.000000 0.000000 
0.797008 0.202992 0.000000 0.000000 0.000000 0.000000 
0.000000 0.192233 0.085976 0.673307 -0.000000 0.048483 
0.000000 0.170082 0.066790 0.658600 0.104529 -0.000000 
0.000000 0.139595 0.368619 0.491786 -0.000000 -0.000000 
0.000761 0.198075 0.107522 0.693642 0.000000 -0.000000 
0.000000 0.364820 0.246745 0.000000 0.000000 0.388435 
0.000000 0.184724 0.089045 0.000000 0.726231 0.000000 
-0.000000 0.089938 0.910062 0.000000 0.000000 0.000000 
0.007736 0.477176 0.515088 0.000000 0.000000 0.000000 
0.000000 0.191749 0.084199 0.671620 0.000000 0.052432 
0.000000 0.163505 0.000000 0.592773 0.032567 0.211155 
0.000000 0.185407 0.000000 0.484968 0.000000 0.329625 
0.170580 0.160574 -0.000000 0.564660 0.000000 0.104186 
0.000000 0.000000 -0.000000 0.007549 0.001737 0.990714 
0.000000 0.000000 -0.000000 0.000000 0.001803 0.998197 
0.000000 0.000000 0.000000 0.377005 0.622995 0.000000 
-0.000000 -0.000000 0.000000 -0.000000 1.000000 0.000000 
0.000000 0.000000 0.990047 0.009953 0.000000 0.000000 
0.000000 0.000000 0.570579 0.008497 0.000000 0.420924 
0.000000 0.000000 1.000000 0.000000 0.000000 0.000000 
0.000000 0.000000 0.595010 0.000000 -0.000000 0.404990 
0.091190 0.000000 0.000000 0.007274 0.000000 0.901536 
0.094512 0.000000 0.000000 0.000000 0.000000 0.905488 
-0.000000 0.001073 0.000000 0.000000 0.000000 0.998927 
0.000000 0.000314 0.000944 0.000000 0.000000 0.998742 
0.000000 0.000242 -0.000000 0.000000 0.000413 0.999344 
0.002272 0.000307 -0.000000 -0.000000 0.000000 0.997421 
-0.000000 0.001065 -0.000000 0.007629 0.000000 0.991305 
-0.000000 0.000304 0.000947 0.007572 -0.000000 0.991177 
0.000000 0.000303 0.000948 0.007568 -0.000000 0.991181 
-0.000000 0.000232 -0.000000 0.007567 0.000415 0.991787 
0.000000 0.000231 0.000000 0.007562 0.000415 0.991792 
0.002279 0.000297 0.000000 0.007563 0.000000 0.989861 
0.002283 0.000295 -0.000000 0.007559 -0.000000 0.989862 
0.977420 0.001778 0.000000 0.020802 0.000000 0.000000 
0.982932 0.000000 0.002375 0.014693 0.000000 0.000000 
0.973499 0.000000 0.000000 0.014606 0.000000 0.011895 
0.984950 -0.000000 -0.000000 0.014831 0.000219 0.000000 
0.994863 0.000000 0.005137 0.000000 0.000000 0.000000 
0.974450 0.000000 0.000000 -0.000000 -0.000000 0.025550 
0.959502 0.040498 0.000000 0.000000 0.000000 0.000000 
0.993244 0.005225 0.001530 0.000000 0.000000 0.000000 
0.989835 0.006324 0.000000 0.000000 0.000000 0.003842 
0.982430 0.003653 0.000000 0.013917 0.000000 0.000000 
0.998463 0.000000 0.000000 0.000000 0.001537 0.000000 
0.998293 0.000000 0.001355 0.000000 0.000352 0.000000 
0.996263 0.000000 0.000000 0.000000 0.000416 0.003321 
0.986984 0.000000 0.000000 0.012762 0.000255 0.000000 
0.000000 0.000000 0.000000 0.000000 0.000000 0.000000 
15
=======
67
0.000000 0.404238 0.022205 0.209419 0.000000 0.364138 
0.000000 0.000000 0.142616 0.116656 0.324893 0.415835 
0.000000 0.307053 0.225428 0.467519 0.000000 -0.000000 
-0.000000 0.518120 0.274495 0.207385 0.000000 -0.000000 
-0.000000 0.532918 0.263816 0.203266 0.000000 -0.000000 
0.025730 0.517864 0.270649 0.185757 0.000000 -0.000000 
-0.000000 0.366974 0.269022 0.063464 0.300540 -0.000000 
-0.000000 0.427963 0.206686 0.016740 0.348611 0.000000 
0.000000 0.417203 0.000000 0.281114 -0.000000 0.301682 
0.000000 0.400841 0.000000 0.254122 0.269049 0.075988 
-0.000000 0.495173 0.000000 0.504827 0.000000 0.000000 
-0.000000 0.485233 0.000000 0.478963 0.035804 0.000000 
0.000000 0.474243 0.000000 0.525757 0.000000 0.000000 
0.295854 0.284392 -0.000000 0.324497 0.095256 -0.000000 
0.576285 0.090890 0.112143 0.000000 0.220683 -0.000000 
0.539182 0.070899 0.118012 0.000000 0.271907 0.000000 
0.471000 0.136618 0.104212 0.000000 0.288171 -0.000000 
0.204059 0.000000 0.152413 0.000000 0.470788 0.172740 
0.029625 -0.000000 0.164055 0.000000 0.485539 0.320781 
0.109972 0.396311 0.253685 -0.000000 0.240032 -0.000000 
0.052842 0.346447 0.260399 0.000000 0.340312 0.000000 
0.017828 0.414939 0.210009 0.000000 0.357224 -0.000000 
0.000000 0.346127 0.072325 0.000000 0.474340 0.107208 
0.000000 0.349902 0.075074 0.000000 0.385871 0.189153 
-0.000000 0.411549 0.188670 0.000000 0.380507 0.019274 
0.000000 0.143374 0.218938 0.000000 0.483336 0.154352 
-0.000000 -0.000000 0.183907 0.000000 0.566767 0.249326 
0.000000 0.000000 0.175390 -0.000000 0.529258 0.295352 
0.000000 -0.000000 0.162155 -0.000000 0.578853 0.258992 
-0.000000 -0.000000 0.164344 0.000000 0.527583 0.308072 
-0.000000 0.000000 0.102564 0.316186 0.045838 0.535412 
0.082525 0.000000 0.091479 0.343971 -0.000000 0.482025 
-0.000000 0.028611 0.103864 0.285520 0.019905 0.562100 
-0.000000 0.047509 0.107382 0.293427 -0.000000 0.551682 
0.000000 0.069064 0.093166 0.287547 -0.000000 0.550224 
0.017917 0.039593 0.101956 0.279782 0.000000 0.560753 
-0.000000 0.010286 0.138012 0.675555 0.000000 0.176148 
-0.000000 0.000000 0.135932 0.669506 0.011006 0.183555 
0.020796 0.000000 0.132617 0.670982 0.000000 0.175606 
-0.000000 0.216361 0.000000 0.491193 -0.000000 0.292446 
0.000000 0.220470 0.000000 0.655909 -0.000000 0.123622 
0.000000 -0.000000 0.028516 0.584270 0.144839 0.242376 
0.000000 0.094288 0.000000 0.601957 0.103230 0.200526 
0.229938 0.000000 0.010435 0.615325 0.000000 0.144302 
0.200383 0.042186 0.000000 0.619247 -0.000000 0.138183 
0.620121 0.087523 0.095551 0.070927 0.125878 -0.000000 
0.173809 0.419201 0.225919 0.181070 -0.000000 -0.000000 
0.429035 0.166057 0.109214 -0.000000 0.052325 0.243369 
0.269218 -0.000000 0.081284 0.332683 -0.000000 0.316815 
0.318303 0.280547 0.000000 0.338071 0.000000 0.063079 
0.376847 0.254021 0.000000 0.346251 0.022881 -0.000000 
0.310005 0.302020 -0.000000 0.387975 0.000000 -0.000000 
0.288276 0.177124 0.111333 0.026890 -0.000000 0.396377 
0.312092 0.188458 0.113217 0.000000 0.008330 0.377902 
0.246630 0.298772 0.160608 0.039731 0.000000 0.254259 
0.298433 0.245790 0.135857 0.000000 0.010125 0.309795 
0.296851 0.230657 0.101220 0.007407 -0.000000 0.363865 
0.305016 0.225402 0.103861 0.000000 0.003410 0.362311 
0.556908 -0.000000 0.080795 0.239461 0.106048 0.016788 
0.581904 0.016529 0.083559 0.203402 0.114606 0.000000 
0.212858 -0.000000 0.110772 0.562157 0.000000 0.114213 
0.177414 0.211509 0.177106 0.433970 0.000000 -0.000000 
0.278781 -0.000000 0.016067 0.580504 0.000000 0.124647 
0.295446 0.108006 0.000000 0.524721 0.000000 0.071827 
0.372786 0.205473 -0.000000 0.397985 0.023755 -0.000000 
0.302656 0.250115 -0.000000 0.447229 0.000000 -0.000000 
-0.000000 0.000000 0.000000 0.000000 -0.000000 -0.000000 
14
>>>>>>> 01b519a834561e90d864f21f2685437137b3a33f
0
1
2
3
4
5
6
7
8
9
10
11
12
13
<<<<<<< HEAD
14
=======
>>>>>>> 01b519a834561e90d864f21f2685437137b3a33f
