6
61
0.059326 0.084878 0.000000 0.191359 0.000000 0.664437 
0.295761 0.272955 -0.000000 -0.000000 0.431284 -0.000000 
0.308349 0.133812 0.000000 0.557839 0.000000 0.000000 
0.237465 0.526299 0.236235 0.000000 0.000000 0.000000 
0.457888 0.000000 0.000000 0.000000 0.542112 0.000000 
0.610051 0.000000 0.389949 -0.000000 -0.000000 -0.000000 
0.358658 0.212057 -0.000000 0.000000 0.095330 0.333954 
0.370658 0.189547 0.000000 0.047861 0.000000 0.391935 
0.315906 0.339269 0.102962 0.000000 0.000000 0.241863 
0.488949 0.000000 0.000000 0.000000 0.122924 0.388127 
0.486658 0.000000 -0.000000 0.059875 0.000000 0.453467 
0.544200 -0.000000 0.160664 0.000000 -0.000000 0.295136 
0.000000 0.000000 0.000000 0.036213 0.418693 0.545094 
0.000000 0.000000 0.000000 0.000000 0.494091 0.505909 
0.000000 -0.000000 -0.000000 0.021875 0.978125 0.000000 
0.000000 0.000000 0.000000 0.000000 1.000000 0.000000 
0.000000 0.155244 -0.000000 0.037057 0.324328 0.483371 
0.000000 0.173668 0.000000 0.000000 0.390493 0.435839 
0.063101 -0.000000 0.000000 0.200743 0.028230 0.707927 
0.062527 0.000000 0.069288 0.197736 0.000000 0.670449 
0.062296 0.054638 0.000000 0.198940 0.000000 0.684125 
0.192296 0.000000 0.000000 0.167197 0.000000 0.640507 
0.251543 -0.000000 0.000000 0.660671 0.087786 0.000000 
0.222031 0.000000 0.193819 0.584151 0.000000 0.000000 
0.124608 0.093102 0.000000 0.351139 0.000000 0.431152 
0.236741 0.113256 0.000000 0.624882 0.025120 0.000000 
0.229823 0.140846 0.021758 0.607574 0.000000 0.000000 
0.292018 0.127208 0.000000 0.580774 0.000000 0.000000 
0.428298 0.000000 0.000000 0.366417 0.000000 0.205285 
0.386717 0.000000 0.000000 0.566689 0.046593 0.000000 
0.422270 0.000000 0.071615 0.506116 0.000000 0.000000 
0.319430 0.113125 0.000000 0.567445 0.000000 0.000000 
0.001259 0.000000 0.895793 0.019985 -0.000000 0.082962 
0.000000 0.000000 0.569772 0.023803 0.157338 0.249087 
0.000000 0.001708 0.910516 0.016391 -0.000000 0.071386 
0.001464 0.000000 0.980904 0.017632 0.000000 0.000000 
0.000000 0.000000 0.712604 0.016092 0.271304 0.000000 
0.000000 0.001942 0.984139 0.013919 -0.000000 -0.000000 
0.001421 0.000000 0.978103 0.000000 -0.000000 0.020477 
0.000000 -0.000000 0.619236 0.000000 0.181965 0.198799 
0.000000 0.001884 0.978013 0.000000 0.000000 0.020104 
0.001471 0.000000 0.998529 0.000000 0.000000 0.000000 
0.000000 0.000000 0.727525 0.000000 0.272475 0.000000 
0.000000 0.001949 0.998051 0.000000 0.000000 0.000000 
0.001268 0.250229 0.000000 0.029071 0.719432 0.000000 
0.000000 0.194352 0.000000 0.024964 0.780685 0.000000 
0.000000 0.235123 0.000000 0.027716 0.657156 0.080005 
0.010158 0.603923 0.331337 0.054581 0.000000 0.000000 
0.000000 0.091562 0.892349 0.016088 0.000000 0.000000 
0.001416 0.257523 0.000000 0.000000 0.741062 0.000000 
0.000000 0.195004 0.000000 0.000000 0.804996 0.000000 
0.000000 0.240367 0.000000 0.000000 0.670775 0.088858 
0.003948 0.464554 0.243912 0.043720 -0.000000 0.243866 
-0.000000 0.179273 0.675215 0.022481 0.000000 0.123031 
0.000000 0.345823 0.148043 0.034868 0.140577 0.330689 
0.010959 0.638494 0.350547 -0.000000 -0.000000 -0.000000 
0.000000 0.089938 0.910062 -0.000000 -0.000000 -0.000000 
0.007647 0.562437 0.303094 0.000000 0.000000 0.126823 
0.000000 0.119426 0.838903 0.000000 0.000000 0.041670 
0.000000 0.336882 0.127514 0.000000 0.228856 0.306748 
0.000000 0.000000 0.000000 0.000000 0.000000 0.000000 
14
0
1
2
3
4
5
6
7
8
9
10
11
12
13
