4
17
0.000000 0.408582 0.000000 0.591418 
0.231051 0.401095 -0.000000 0.367854 
0.000000 0.000000 0.113578 0.886422 
0.000000 0.340633 -0.000000 0.659367 
0.247949 0.000000 -0.000000 0.752051 
0.000000 0.000000 0.520191 0.479809 
0.252834 0.000000 0.476872 0.270294 
0.402361 0.000000 0.000000 0.597639 
0.485405 0.000000 0.122590 0.392004 
0.521831 0.052767 0.000000 0.425401 
0.000000 0.380457 0.187637 0.431906 
0.140565 0.379192 0.165693 0.314550 
0.143854 0.190645 0.400449 0.265052 
0.000000 0.131184 0.454756 0.414060 
0.000000 0.199813 0.413081 0.387105 
0.043002 0.190109 0.417996 0.348893 
-0.000000 -0.000000 0.000000 -0.000000 
11
0
1
2
3
4
5
6
7
8
9
10
